orbital_navigator = {
	phi = -1.40280
	lookat_x = 0.725976
	theta = 1.66800
	radius = 14.0639
	lookat_y = 0.0611409
	lookat_z = -0.512856
}
window_placement = {
	flags = 0
	show = 1
	top = 182
	min_x = -1
	left = 182
	min_y = -1
	max_x = -1
	max_y = -1
	right = 998
	bottom = 821
}
