window_placement = {
	flags = 0
	show = 1
	top = 26
	min_x = -1
	left = 26
	min_y = -1
	max_x = -1
	max_y = -1
	right = 842
	bottom = 665
}
orbital_navigator = {
	lookat_y = 5.31769
	phi = -1.58038
	lookat_x = 10.6881
	theta = 0.242450
	radius = 24.0485
	lookat_z = 0.879201
}
