orbital_navigator = {
	phi = -1.57080
	lookat_x = 0.000000
	theta = 0.000000
	radius = 10.0000
	lookat_y = 0.000000
	lookat_z = 0.000000
}
window_placement = {
	flags = 0
	show = 1
	top = 104
	min_x = -1
	left = 104
	min_y = -1
	max_x = -1
	max_y = -1
	right = 920
	bottom = 743
}
