orbital_navigator = {
	lookat_x = 1.82669
	phi = -3.05161
	lookat_y = 4.65407
	theta = 0.0479887
	radius = 54.2149
	lookat_z = -0.620025
}
window_placement = {
	flags = 0
	show = 1
	top = 130
	min_x = -1
	left = 130
	min_y = -1
	max_x = -1
	max_y = -1
	right = 946
	bottom = 769
}
