orbital_navigator = {
	lookat_y = 1.06849
	phi = -4.75562
	theta = 0.239988
	lookat_z = 1.49803
	radius = 22.5269
	lookat_x = -1.69060
}
