orbital_navigator = {
	phi = 2.60520
	lookat_x = -4.10468
	theta = 0.396001
	radius = 5.80184
	lookat_y = 2.51613
	lookat_z = 3.89995
}
window_placement = {
	flags = 0
	show = 1
	top = 156
	min_x = -1
	left = 156
	min_y = -1
	max_x = -1
	max_y = -1
	right = 972
	bottom = 795
}
