orbital_navigator = {
	phi = -1.57080
	lookat_x = -0.680994
	theta = 0.000000
	radius = 9.47160
	lookat_y = 3.25580
	lookat_z = 2.46519e-06
}
window_placement = {
	flags = 0
	show = 1
	top = 50
	min_x = -1
	left = 50
	min_y = -1
	max_x = -1
	max_y = -1
	right = 866
	bottom = 688
}
