orbital_navigator = {
	lookat_x = 0.725976
	phi = -1.40280
	radius = 14.0639
	theta = 1.66800
	lookat_y = 0.0611409
	lookat_z = -0.512856
}
window_placement = {
	show = 1
	top = 104
	flags = 0
	left = 104
	min_x = -1
	min_y = -1
	max_x = -1
	max_y = -1
	right = 920
	bottom = 743
}
