orbital_navigator = {
	lookat_y = 0.0611409
	phi = -1.40280
	theta = 1.66800
	lookat_z = -0.512856
	radius = 14.0639
	lookat_x = 0.725976
}
