window_placement = {
	flags = 0
	show = 1
	top = 78
	min_x = -1
	left = 78
	min_y = -1
	max_x = -1
	max_y = -1
	right = 894
	bottom = 717
}
orbital_navigator = {
	lookat_y = 4.65407
	phi = -3.05161
	lookat_x = 1.82669
	theta = 0.0479887
	radius = 12.4346
	lookat_z = -0.620025
}
