window_placement = {
	flags = 0
	show = 1
	top = 208
	min_x = -1
	left = 208
	min_y = -1
	max_x = -1
	max_y = -1
	right = 1024
	bottom = 847
}
orbital_navigator = {
	lookat_y = 0.000000
	phi = -1.57080
	lookat_x = 0.000000
	theta = 0.000000
	radius = 10.0000
	lookat_z = 0.000000
}
