window_placement = {
	flags = 0
	show = 1
	top = 130
	min_x = -1
	left = 130
	min_y = -1
	max_x = -1
	max_y = -1
	right = 946
	bottom = 769
}
orbital_navigator = {
	lookat_y = 1.06849
	phi = -4.75562
	lookat_x = -1.69060
	theta = 0.239988
	radius = 22.5269
	lookat_z = 1.49803
}
